000000001000000000000000000000000000
000000000100001101010000001000010001
000000000000000000000000000000000000
000000000000000000000000000000000000
000000000000000000000000000000000000
000000000000000000000000000000000000
000000000000000000000000000000000000
000000000000000000000000000000000000
000000000000000000000000000000000000
000000000000000000000000000000000000
000000000000000000000000000000000000
000000000000000000000000000000000000
000000000000000000000000000000000000
000000000000000000000000000000000000
000000000000000000000000000000000000
000000000000000000000000000000000000
000010001000001101010000010010000100
000010010000001101010000001000010001
000000001000000101000010000101000010
000011011000001101010000001000010001
000000000000000000000000000000000000
000010110000000101001000000000000101
000010111000001111000000000010100011
000011000000001101010000010010000100
000011001000001101010000001001010001
000000001000000101000010000000000000
000000000000000000000000000000000000
000011100000100101001000000000000011
000011101000000111001000000000000011
000000001000001111000000000010100110
000000000000000000000000000000000000
000000000000000000000000000000000000
000000000000000000000000000000000000
000000000000000000000000000000000000
000000000000000000000000000000000000
000000000000000000000000000000000000
000000000000000000000000000000000000
000000000000000000000000000000000000
000000000000000000000000000000000000
000000000000000000000000000000000000
000000000000000000000000000000000000
000000000000000000000000000000000000
000000000000000000000000000000000000
000000000000000000000000000000000000
000000000000000000000000000000000000
000000000000000000000000000000000000
000000000000000000000000000000000000
000000000000000000000000000000000000
000000000000000000000000000000000000
000000000000000000000000000000000000
000000000000000000000000000000000000
000000000000000000000000000000000000
000000000000000000000000000000000000
000000000000000000000000000000000000
000110111000000101001000000000000101
000111000000001111000000000010000011
000111001000000101000000000101000111
000111010000001101100000010010100100
000111011000001101010000001000010001
000000001000000101000010000000000000
000000000000000000000000000000000000
000000000000000000000000000000000000
000000000000000000000000000000000000
000000000000000000000000000000000000
000000000000000000000000000000000000
000000000000000000000000000000000000
000000000000000000000000000000000000
000000000000000000000000000000000000
000000000000000000000000000000000000
000000000000000000000000000000000000
000000000000000000000000000000000000
000000000000000000000000000000000000
000000000000000000000000000000000000
000000000000000000000000000000000000
000000000000000000000000000000000000
000000000000000000000000000000000000
000000000000000000000000000000000000
000000000000000000000000000000000000
000000000000000000000000000000000000
000000000000000000000000000000000000
000000000000000000000000000000000000
000000000000000000000000000000000000
000000000000000000000000000000000000
000000000000000000000000000000000000
000000000000000000000000000000000000
000000000000000000000000000000000000
000000000000000000000000000000000000
000000000000000000000000000000000000
000000000000000000000000000000000000
001011010000001101010000010010000100
000000001000000101000000000101000111
001011100000001101100000010010100100
001011101000000000000000000000000000
000000001000000101000010000000000000
000000000000000000000000000000000000
001101000000001101100000000010100100
001100001000001101100000010010100100
001100010000000101001000000000000111
000000001000001111000010000101000000
000000000000000000000000000000000000
001100101000001101100000010010100100
001100110000000101001000000000000111
000000001000001111110010000101000000
000000000000000000000000000000000000
001101001000000101000000000010000100
001101010000000101001000000001000000
001101011000000101000000000100000111
001101100000001101100000000011000100
000000001000000110000010000000000000
000000000000000000000000000000000000
000000000000000000000000000000000000
000000000000000000000000000000000000
000000000000000000000000000000000000
000000000000000000000000000000000000
000000000000000000000000000000000000
000000000000000000000000000000000000
000000000000000000000000000000000000
000000000000000000000000000000000000
000000000000000000000000000000000000
000000000000000000000000000000000000
000000000000000000000000000000000000
000000000000000000000000000000000000
000000000000000000000000000000000000
000000000000000000000000000000000000
000000001000000011000010000101000000
001111100000000101001000000000000111
001111101000001101100000010010100100
000000000000000000000000000000000000
010000001000001101100000010010100100
010000010000000101001000000000000111
000000001000000111000010000101000000
000000000000000000000000000000000000
010000101000000101001000000000000101
010000110000001111000000000010100011
010000111000001101010000001000010001
010001000000000101001000000000000000
010001001000001101010000001000010001
000000001000001111000000000101000010
000000000000000000000000000000000000
010101000000001101100100000000010001
000000000000000000000000000000000000
000000000000000000000000000000000000
010001111000001101010000001000010001
000000001000000000000000000000000000
000000000000000000000000000000000000
000000000000000000000000000000000000
000000000000000000000000000000000000
000000000000000000000000000000000000
000000000000000000000000000000000000
000000000000000000000000000000000000
010001011001000101000100000000001000
010010110000000101000010000000000000
010010111000000101000100000000000111
010011000000001101100000010010100100
000000000000000000000000000000000000
010011100000001101100000010010100100
010011101000000101000100000000000111
010011110000000101000010000000000000
010001011010000101000100000000001000
010100000000001101100000010010100100
010100001000001101100000010010000100
010100010000000101001000000000100000
010100011000000101000100000000000111
010100100000000101000010000000000000
010001011001001111111100000000001000
000000000000000000000000000000000000
000000000000000000000000000000000000
010101000000001101100100000000000001
010101001000001101010000001000010001
010101010000100101001000000000000011
011000111000000111001000000000000011
000000000000000000000000000000000000
010101101000000101000000010010100101
010101110000000000000000000000000000
010101111000000101000000100010100000
010110000000001101010000000010000101
010110001000000101000000001000110000
010110010000000101000000000010000100
010110011000000101000000100000000000
000000001000000101000000000101000111
000000000000000000000000000000000000
000000000000000000000000000000000000
010110111000001101010000001000000001
010111000000100101001000000000000011
010111001000000111001000000000000011
010111010000001111000000000010100110
010111011000001101010100000000000001
010111100000000101000000001000010000
010111101000001101010000001000010001
010111110000100101001000000000000011
010111111000000111001000000000000011
011000000000001101010000001000010001
011000001000001111110010000000000100
011000010000001101010010000010000111
011001010000001101010000001000010001
000000000000000000000000000000000000
011000101000001101010000001000010001
000000000100000000000000000000000000
000000000000000000000000000000000000
011001000000001111000000001000011000
000000001000000000000000000000000000
000000000000000000000000000000000000
011001011000100101001000000000000011
011001100000000111001000000000000011
011001101000001111010000000101000100
011001110000000101000000010010000000
011001111000000101000000000101001000
011010000000001101010000010010000100
011010001000000101000000000101000101
011010010000001101010000001000010001
000000001000000101000000100000000111
000000000000000000000000000000000000
000000000000000000000000000000000000
000000000000000000000000000000000000
000000000000000000000000000000000000
000000000000000000000000000000000000
000000000000000000000000000000000000
000000000000000000000000000000000000
000000000000000000000000000000000000
000000000000000000000000000000000000
000000000000000000000000000000000000
000000000000000000000000000000000000
000000000000000000000000000000000000
000000000000000000000000000000000000
000000000000000000000000000000000000
000000000000000000000000000000000000
000000000000000000000000000000000000
000000000000000000000000000000000000
000000000000000000000000000000000000
000000000000000000000000000000000000
000000000000000000000000000000000000
000000000000000000000000000000000000
000000000000000000000000000000000000
000000000000000000000000000000000000
000000000000000000000000000000000000
000000000000000000000000000000000000
000000000000000000000000000000000000
000000000000000000000000000000000000
000000000000000000000000000000000000
000000000000000000000000000000000000
000000000000000000000000000000000000
000000000000000000000000000000000000
000000000000000000000000000000000000
000000000000000000000000000000000000
000000000000000000000000000000000000
000000000000000000000000000000000000
000000000000000000000000000000000000
000000000000000000000000000000000000
000000000000000000000000000000000000
000000000000000000000000000000000000
000000000000000000000000000000000000
000000000000000000000000000000000000
000000000000000000000000000000000000
000000000000000000000000000000000000
000000000000000000000000000000000000
000000000000000000000000000000000000
100000000000000000000000000000000000
100000000000000000000000000000000000
100000000000000000000000000000000000
100000000000000000000000000000000000
100000000000000000000000000000000000
100000000000000000000000000000000000
100000000000000000000000000000000000
100000000000000000000000000000000000
100000000000000000000000000000000000
100000000000000000000000000000000000
100000000000000000000000000000000000
100000000000000000000000000000000000
100000000000000000000000000000000000
100000000000000000000000000000000000
100000000000000000000000000000000000
100000000000000000000000000000000000
100000000000000000000000000000000000
100000000000000000000000000000000000
100000000000000000000000000000000000
100000000000000000000000000000000000
100000000000000000000000000000000000
100000000000000000000000000000000000
100000000000000000000000000000000000
100000000000000000000000000000000000
100000000000000000000000000000000000
100000000000000000000000000000000000
100000000000000000000000000000000000
100000000000000000000000000000000000
100000000000000000000000000000000000
100000000000000000000000000000000000
100000000000000000000000000000000000
100000000000000000000000000000000000
100000000000000000000000000000000000
100000000000000000000000000000000000
100000000000000000000000000000000000
100000000000000000000000000000000000
100000000000000000000000000000000000
100000000000000000000000000000000000
100000000000000000000000000000000000
100000000000000000000000000000000000
100000000000000000000000000000000000
100000000000000000000000000000000000
100000000000000000000000000000000000
100000000000000000000000000000000000
100000000000000000000000000000000000
100000000000000000000000000000000000
100000000000000000000000000000000000
100000000000000000000000000000000000
100000000000000000000000000000000000
100000000000000000000000000000000000
100000000000000000000000000000000000
100000000000000000000000000000000000
100000000000000000000000000000000000
100000000000000000000000000000000000
100000000000000000000000000000000000
100000000000000000000000000000000000
100000000000000000000000000000000000
100000000000000000000000000000000000
100000000000000000000000000000000000
100000000000000000000000000000000000
100000000000000000000000000000000000
100000000000000000000000000000000000
100000000000000000000000000000000000
100000000000000000000000000000000000
100000000000000000000000000000000000
100000000000000000000000000000000000
100000000000000000000000000000000000
100000000000000000000000000000000000
100000000000000000000000000000000000
100000000000000000000000000000000000
100000000000000000000000000000000000
100000000000000000000000000000000000
100000000000000000000000000000000000
100000000000000000000000000000000000
100000000000000000000000000000000000
100000000000000000000000000000000000
100000000000000000000000000000000000
100000000000000000000000000000000000
100000000000000000000000000000000000
100000000000000000000000000000000000
100000000000000000000000000000000000
100000000000000000000000000000000000
100000000000000000000000000000000000
100000000000000000000000000000000000
100000000000000000000000000000000000
100000000000000000000000000000000000
100000000000000000000000000000000000
100000000000000000000000000000000000
100000000000000000000000000000000000
100000000000000000000000000000000000
100000000000000000000000000000000000
100000000000000000000000000000000000
100000000000000000000000000000000000
100000000000000000000000000000000000
100000000000000000000000000000000000
100000000000000000000000000000000000
100000000000000000000000000000000000
100000000000000000000000000000000000
100000000000000000000000000000000000
100000000000000000000000000000000000
100000000000000000000000000000000000
100000000000000000000000000000000000
100000000000000000000000000000000000
100000000000000000000000000000000000
100000000000000000000000000000000000
100000000000000000000000000000000000
100000000000000000000000000000000000
100000000000000000000000000000000000
100000000000000000000000000000000000
100000000000000000000000000000000000
100000000000000000000000000000000000
100000000000000000000000000000000000
100000000000000000000000000000000000
100000000000000000000000000000000000
100000000000000000000000000000000000
100000000000000000000000000000000000
100000000000000000000000000000000000
100000000000000000000000000000000000
100000000000000000000000000000000000
100000000000000000000000000000000000
100000000000000000000000000000000000
100000000000000000000000000000000000
100000000000000000000000000000000000
100000000000000000000000000000000000
100000000000000000000000000000000000
100000000000000000000000000000000000
100000000000000000000000000000000000
100000000000000000000000000000000000
100000000000000000000000000000000000
100000000000000000000000000000000000
100000000000000000000000000000000000
100000000000000000000000000000000000
100000000000000000000000000000000000
100000000000000000000000000000000000
100000000000000000000000000000000000
100000000000000000000000000000000000
100000000000000000000000000000000000
100000000000000000000000000000000000
100000000000000000000000000000000000
010001110000001101010000001000000001
100000000000000000000000000000000000
100000000000000000000000000000000000
100000000000000000000000000000000000
100000000000000000000000000000000000
100000000000000000000000000000000000
100000000000000000000000000000000000
100000000000000000000000000000000000
100000000000000000000000000000000000
100000000000000000000000000000000000
100000000000000000000000000000000000
100000000000000000000000000000000000
100000000000000000000000000000000000
100000000000000000000000000000000000
100000000000000000000000000000000000
100000000000000000000000000000000000
100000000000000000000000000000000000
100000000000000000000000000000000000
100000000000000000000000000000000000
100000000000000000000000000000000000
100000000000000000000000000000000000
100000000000000000000000000000000000
100000000000000000000000000000000000
100000000000000000000000000000000000
100000000000000000000000000000000000
100000000000000000000000000000000000
100000000000000000000000000000000000
100000000000000000000000000000000000
100000000000000000000000000000000000
100000000000000000000000000000000000
100000000000000000000000000000000000
100000000000000000000000000000000000
100000000000000000000000000000000000
100000000000000000000000000000000000
100000000000000000000000000000000000
100000000000000000000000000000000000
100000000000000000000000000000000000
100000000000000000000000000000000000
100000000000000000000000000000000000
100000000000000000000000000000000000
100000000000000000000000000000000000
100000000000000000000000000000000000
100000000000000000000000000000000000
100000000000000000000000000000000000
100000000000000000000000000000000000
100000000000000000000000000000000000
100000000000000000000000000000000000
100000000000000000000000000000000000
100000000000000000000000000000000000
100000000000000000000000000000000000
100000000000000000000000000000000000
100000000000000000000000000000000000
100000000000000000000000000000000000
100000000000000000000000000000000000
100000000000000000000000000000000000
100000000000000000000000000000000000
100000000000000000000000000000000000
100000000000000000000000000000000000
100000000000000000000000000000000000
100000000000000000000000000000000000
100000000000000000000000000000000000
100000000000000000000000000000000000
100000000000000000000000000000000000
100000000000000000000000000000000000
100000000000000000000000000000000000
100000000000000000000000000000000000
100000000000000000000000000000000000
100000000000000000000000000000000000
100000000000000000000000000000000000
100000000000000000000000000000000000
100000000000000000000000000000000000
100000000000000000000000000000000000
100000000000000000000000000000000000
100000000000000000000000000000000000
100000000000000000000000000000000000
100000000000000000000000000000000000
100000000000000000000000000000000000
100000000000000000000000000000000000
100000000000000000000000000000000000
100000000000000000000000000000000000
100000000000000000000000000000000000
100000000000000000000000000000000000
100000000000000000000000000000000000
100000000000000000000000000000000000
100000000000000000000000000000000000
100000000000000000000000000000000000
100000000000000000000000000000000000
100000000000000000000000000000000000
100000000000000000000000000000000000
100000000000000000000000000000000000
100000000000000000000000000000000000
100000000000000000000000000000000000
100000000000000000000000000000000000
100000000000000000000000000000000000
100000000000000000000000000000000000
100000000000000000000000000000000000
100000000000000000000000000000000000
100000000000000000000000000000000000
100000000000000000000000000000000000
100000000000000000000000000000000000
100000000000000000000000000000000000
100000000000000000000000000000000000
100000000000000000000000000000000000
100000000000000000000000000000000000
100000000000000000000000000000000000
100000000000000000000000000000000000
100000000000000000000000000000000000
100000000000000000000000000000000000
100000000000000000000000000000000000
100000000000000000000000000000000000
100000000000000000000000000000000000
100000000000000000000000000000000000
100000000000000000000000000000000000
100000000000000000000000000000000000
100000000000000000000000000000000000
100000000000000000000000000000000000
100000000000000000000000000000000000