01100000
00000000
00000000
00000000
00000000
00000001
00000001
00000000
00000000
00000000
00000000
01100000
00000000
00000000
00000000
00000000
00000001
00000001
00000000
00000000
00000000
00000000
01100000
00000000
00000000
00000000
00000000
00000001
00000001
00000000
00000000
00000000
00000000
01100000
00000000
00000000
00000000
00000000
00000001
00000001
00000000
00000000
00000000
00000000
01100000
00000000
00000000
00000000
00000000
00000001
00000001
00000000
00000000
00000000
00000000
01100000
00000000
00000000
00000000
00000000
00000001
00000001
00000000
00000000
00000000
00000000
01100000
00000000
00000000
00000000
00000000
00000001
00000001
00000000
00000000
00000000
00000000
01100000
00000000
00000000
00000000
00000000
00000001
00000001
00000000
00000000
00000000
00000000